%YAML:1.0
calibration_time: "05/26/14 21:52:33"
nframes: 6
image_width: 1280
image_height: 960
board_width: 9
board_height: 6
square_size: 1.7000000923871994e-002
flags: 0
camera_matrix: !!opencv-matrix
   rows: 3
   cols: 3
   dt: d
   data: [ 1.0591254265877012e+003, 0., 6.4051354189348990e+002, 0.,
       1.0594512153069588e+003, 4.8137915848944107e+002, 0., 0., 1. ]
distortion_coefficients: !!opencv-matrix
   rows: 5
   cols: 1
   dt: d
   data: [ 8.5775404599641128e-002, -4.7555519141746638e-001,
       -1.0528874400740581e-003, 6.3866001985849463e-003,
       7.0236231668820459e-001 ]
avg_reprojection_error: 3.4121618458956060e-001
per_view_reprojection_errors: !!opencv-matrix
   rows: 6
   cols: 1
   dt: f
   data: [ 2.29278624e-001, 4.13949758e-001, 3.16537887e-001,
       4.44896281e-001, 3.77500415e-001, 1.84424281e-001 ]
# a set of 6-tuples (rotation vector + translation vector) for each view
extrinsic_parameters: !!opencv-matrix
   rows: 6
   cols: 6
   dt: d
   data: [ -7.0890694358067136e-002, 6.9961792170121578e-002,
       -3.1321739013993279e+000, 5.7920320434364826e-002,
       1.0847908578705065e-002, 2.8622196086591506e-001,
       -8.7013563531418814e-001, -9.2362065862704221e-002,
       2.9824958409251336e+000, 1.2588886925112816e-001,
       -7.1458402093423686e-003, 3.6646001600717193e-001,
       -4.1152487614492039e-001, 6.9883751087405532e-001,
       2.9551539182364817e+000, 9.5550306892839595e-002,
       -1.2855110580275866e-001, 5.4660622722908758e-001,
       -1.0763349408602305e+000, -7.0030524242760162e-001,
       -2.6440638292178948e+000, 7.8406517957444896e-002,
       6.3011655140095157e-002, 2.2417215717200725e-001,
       -1.9581285398107646e+000, -3.7918979072515074e-001,
       -2.3395836402161936e+000, 2.1773420331854590e-001,
       2.2060941882342432e-002, 4.4503933527592388e-001,
       -2.9098648167069396e-001, 1.9506643183744919e-002,
       -3.0994165840710912e+000, 3.3149188641316985e-001,
       -1.7985328216868490e-002, 8.6491183696267593e-001 ]
image_points: !!opencv-matrix
   rows: 6
   cols: 54
   dt: "2f"
   data: [ 8.56352905e+002, 5.21995361e+002, 7.92300781e+002,
       5.21111694e+002, 7.29147644e+002, 5.20526733e+002,
       6.66001953e+002, 5.19764404e+002, 6.03763733e+002,
       5.18779419e+002, 5.42286499e+002, 5.18239197e+002,
       4.80672333e+002, 5.17555969e+002, 4.19746002e+002,
       5.16905884e+002, 3.58841248e+002, 5.16294983e+002,
       8.57352234e+002, 4.58627045e+002, 7.93361450e+002,
       4.58159851e+002, 7.29713379e+002, 4.57615753e+002,
       6.66453979e+002, 4.57092865e+002, 6.04138367e+002,
       4.56703766e+002, 5.42465759e+002, 4.55999908e+002,
       4.80548157e+002, 4.55618958e+002, 4.19190918e+002,
       4.55119232e+002, 3.58053284e+002, 4.54653564e+002,
       8.58484436e+002, 3.94934845e+002, 7.94092163e+002,
       3.94613129e+002, 7.30367188e+002, 3.94415253e+002,
       6.66928162e+002, 3.94363251e+002, 6.04354614e+002,
       3.93964905e+002, 5.42546570e+002, 3.93655029e+002,
       4.80365356e+002, 3.93361359e+002, 4.18993835e+002,
       3.93009918e+002, 3.57891083e+002, 3.92658081e+002,
       8.59595398e+002, 3.30650726e+002, 7.95139526e+002,
       3.30537231e+002, 7.31354309e+002, 3.30629852e+002,
       6.67706177e+002, 3.30612762e+002, 6.04913940e+002,
       3.30605774e+002, 5.42521423e+002, 3.30499939e+002,
       4.80365997e+002, 3.30451691e+002, 4.18898865e+002,
       3.30242767e+002, 3.57415344e+002, 3.29832123e+002,
       8.61027344e+002, 2.66157135e+002, 7.96093994e+002,
       2.66525024e+002, 7.32206299e+002, 2.66560944e+002,
       6.68302246e+002, 2.66925385e+002, 6.05449097e+002,
       2.67223358e+002, 5.42940369e+002, 2.67399536e+002,
       4.80349152e+002, 2.67308655e+002, 4.18480652e+002,
       2.67301788e+002, 3.57193146e+002, 2.67396484e+002,
       8.62218750e+002, 2.01580292e+002, 7.97406067e+002,
       2.01881332e+002, 7.33228638e+002, 2.02520493e+002,
       6.68982300e+002, 2.02770309e+002, 6.05708618e+002,
       2.03236954e+002, 5.43196289e+002, 2.03700027e+002,
       4.80271606e+002, 2.03702713e+002, 4.18315857e+002,
       2.04157761e+002, 3.56755524e+002, 2.04495499e+002,
       1.00851221e+003, 4.60009064e+002, 9.74622314e+002,
       4.62179382e+002, 9.39829224e+002, 4.64226044e+002,
       9.01686951e+002, 4.66506073e+002, 8.61785706e+002,
       4.68745575e+002, 8.20069763e+002, 4.71265198e+002,
       7.76088806e+002, 4.73897522e+002, 7.29791321e+002,
       4.76678314e+002, 6.80918457e+002, 4.79740631e+002,
       1.00884613e+003, 4.10640015e+002, 9.76055298e+002,
       4.11280365e+002, 9.40384155e+002, 4.12168945e+002,
       9.01441650e+002, 4.13023315e+002, 8.61927124e+002,
       4.13948456e+002, 8.19633240e+002, 4.14824860e+002,
       7.75895996e+002, 4.15891846e+002, 7.30013428e+002,
       4.17053345e+002, 6.81099854e+002, 4.18103851e+002,
       1.00969550e+003, 3.60722198e+002, 9.75445435e+002,
       3.60253021e+002, 9.39399658e+002, 3.59581085e+002,
       9.01793762e+002, 3.59242706e+002, 8.62804932e+002,
       3.58721252e+002, 8.20127686e+002, 3.58160645e+002,
       7.76062500e+002, 3.57387512e+002, 7.29705139e+002,
       3.56773376e+002, 6.79976624e+002, 3.56103699e+002,
       1.00953729e+003, 3.10226318e+002, 9.75633484e+002,
       3.08345367e+002, 9.39978271e+002, 3.06552155e+002,
       9.02034241e+002, 3.04580688e+002, 8.62328552e+002,
       3.02535950e+002, 8.20578491e+002, 3.00477570e+002,
       7.75739502e+002, 2.98079987e+002, 7.28650085e+002,
       2.95446808e+002, 6.79684814e+002, 2.93030640e+002,
       1.01002307e+003, 2.59705597e+002, 9.76139954e+002,
       2.56641876e+002, 9.40796692e+002, 2.53140549e+002,
       9.02294067e+002, 2.50005020e+002, 8.62055664e+002,
       2.46285889e+002, 8.20264709e+002, 2.42505142e+002,
       7.75801941e+002, 2.38369064e+002, 7.28759521e+002,
       2.33972717e+002, 6.78521851e+002, 2.29447769e+002,
       1.01019330e+003, 2.09158066e+002, 9.76674133e+002,
       2.04382645e+002, 9.40544739e+002, 1.99670837e+002,
       9.02508301e+002, 1.94726852e+002, 8.62916687e+002,
       1.89387650e+002, 8.20492371e+002, 1.84082794e+002,
       7.75898987e+002, 1.78068604e+002, 7.28695984e+002,
       1.71765213e+002, 6.77878357e+002, 1.65387772e+002,
       8.27605286e+002, 2.30065567e+002, 7.96787598e+002,
       2.28697556e+002, 7.65932129e+002, 2.26441864e+002,
       7.33999695e+002, 2.25386230e+002, 7.01659546e+002,
       2.24181564e+002, 6.69099487e+002, 2.22555969e+002,
       6.35637451e+002, 2.20589691e+002, 6.01880859e+002,
       2.18794479e+002, 5.67502625e+002, 2.16821030e+002,
       8.20686035e+002, 2.04268448e+002, 7.90721985e+002,
       2.01820892e+002, 7.59934998e+002, 2.00045776e+002,
       7.28177124e+002, 1.99075119e+002, 6.96551270e+002,
       1.97203232e+002, 6.64155273e+002, 1.95655411e+002,
       6.31237000e+002, 1.93447861e+002, 5.97884705e+002,
       1.90976044e+002, 5.64028503e+002, 1.88751862e+002,
       8.14218628e+002, 1.78817719e+002, 7.84078491e+002,
       1.77029663e+002, 7.53606018e+002, 1.75244415e+002,
       7.22685364e+002, 1.73082001e+002, 6.91470581e+002,
       1.70775116e+002, 6.59503113e+002, 1.69057327e+002,
       6.26945984e+002, 1.66613342e+002, 5.93896301e+002,
       1.64169220e+002, 5.60452271e+002, 1.61988144e+002,
       8.07504700e+002, 1.54495193e+002, 7.77897583e+002,
       1.52317825e+002, 7.47843811e+002, 1.50141464e+002,
       7.17377075e+002, 1.47723099e+002, 6.86270691e+002,
       1.45559769e+002, 6.54821472e+002, 1.43284500e+002,
       6.22631409e+002, 1.40783951e+002, 5.90117798e+002,
       1.38390564e+002, 5.57230469e+002, 1.35495209e+002,
       8.01239014e+002, 1.30548248e+002, 7.72104126e+002,
       1.28033722e+002, 7.42511963e+002, 1.25489250e+002,
       7.12144836e+002, 1.23327698e+002, 6.81356140e+002,
       1.21187515e+002, 6.50290466e+002, 1.18543518e+002,
       6.18506226e+002, 1.15740570e+002, 5.86471252e+002,
